staid
sname
dates
TIMES
medim
prjct
sampl
00010
00095
00400
82082
82085
00061
00300
00410
00915
00916
00925
00927
00929
00930
00935
00937
00940
00945
00954
00955
00956
00978
00985
01000
01005
01007
01025
01030
01034
01035
01037
01040
01042
01045
01046
01051
01055
01056
01060
01062
01065
01067
01077
01080
01082
01085
01090
01092
01105
01113
01132
22703
22704
01049
01075
01106
01130
80107
00418
29802
63786
01095
01097
00665
00946
01010
01012
01047
01110
01112
01115
01117
01120
01122
01135
01137
01147
01150
01152
01180
01182
01189
01194
01196
01201
01203
01218
01219
01236
01237
01238
01239
01246
01247
50573
50574
50575
50579
50580
50586
82318
82319
82322
82323
82330
82331
82364
50577
50582
50587
00666
01245
01057
01125
01154
01155
01160
82365
01127
01187
90868
62844
01145
01059
