SAMPLE	AGNCY	STAID	DATES	TIMES	EDATE	ETIME	MEDIUM	H_ion	Ca	Mg	Na	K	Fe	Mn	Cation_sum	Alk	Hydrox	Bicarb	Carb	NO2NO3	NO2	NO3	Cl	SO4	F	Anion_sum	Pct_Diff
8S	5S	15S	8D	4S	8D	4S	3S	10N	10N	10N	10N	10N	10N	10N	10N	10N	10N	10N	10N	10N	10N	10N	10N	10N	10N	10N	10N
01305819	USGS	391504106225200	20130530	1230			WG	0.001	4.142	2.156	0.370	0.041	0.247	0.630	7.586	0.368							0.009	10.063		10.440	-15.83
01305820	USGS	391559106230901	20130530	1400			WG	0.002	0.374	0.732	0.174	0.017	0.001	0.120	1.421	0.054							0.010	1.460		1.523	-3.47
01305821	USGS	391600106235701	20130530	1430			WS	0.001	0.190	0.082	0.057	0.015	0.001	0.001	0.346	0.064							0.008	0.262		0.334	1.80
01305822	USGS	391606106241601	20130530	1545			WG	0.933	0.190	0.099	0.096	0.033	0.135	0.010	1.496	0.001							0.009	3.889		3.899	-44.55
01305823	USGS	391517106223801	20130530	1730			WG	0.002	0.828	0.436	0.135	0.028	0.048	0.068	1.546	0.108							0.010	1.567		1.685	-4.33
01305824	USGS	391501106225001	20130531	0920			WG	0.058	1.771	0.938	0.183	0.051	0.008	0.550	3.558	-0.086							0.012	4.109		4.035	-6.27
01305825	USGS	391504106225201	20130531	0950			WS	0.019	2.814	1.284	0.283	0.051	0.004	0.020	4.474	-0.024							0.005	5.019		5.000	-5.55
01305826	USGS	391512106230001	20130531	1045			WG	0.015	2.420	1.152	0.287	0.043	0.001	0.022	3.941	-0.010							0.008	5.440		5.438	-15.96
01305827	USGS	391517106230601	20130531	1130			WG	0.001	0.274	0.148	0.152	0.019	0.002	0.001	0.597	0.284							0.008	0.319		0.611	-1.15
01305828	USGS	391517106230602	20130531	1200			WS	0.017	1.552	0.848	0.213	0.046	0.001	0.073	2.749	-0.020							0.008	3.258		3.246	-8.29
01305829	USGS	391518106230901	20130531	1230			WG	0.003	1.826	1.234	0.239	0.064	0.001	0.169	3.537	0.040							0.007	4.522		4.569	-12.72
01305830	USGS	391519106230901	20130531	1250			WG	0.036	0.993	0.461	0.265	0.036	0.002	0.108	1.901	-0.044							0.010	2.716		2.682	-17.04
01305832	USGS	391504106223001	20130531	1500			WS	0.001	0.150	0.048	0.122	0.007	0.009	0.003	0.339	0.184							0.005	0.064		0.253	14.63
01305833	USGS	391435106230801	20130530	1405			WG	0.001	1.746	1.045	0.244	0.031	0.327	0.451	3.846	0.605							0.010	3.968		4.583	-8.75
01305834	USGS	391445106230701	20130530	1520			WG	0.001	0.724	0.510	0.135	0.031	0.002	0.001	1.403	0.619							0.010	1.076		1.705	-9.70
01305835	USGS	391443106225701	20130530	1600			WS	0.001	0.185	0.099	0.187	0.015	0.003	0.001	0.490	0.176							0.010	0.236		0.422	7.49
01305836	USGS	391501106224901	20130530	1715			WG	0.240	1.766	0.889	0.257	0.038	0.024	0.448	3.662	-0.301							0.015	5.113		4.827	-13.72
01305837	USGS	391452106224201	20130531	0925			WS	0.001	0.220	0.082	0.065	0.009	0.009	0.010	0.396	0.176							0.005	0.206		0.387	1.25
01305838	USGS	391454106224201	20130531	1020			WS	0.029	1.861	0.864	0.196	0.041	0.003	0.234	3.228	-0.040							0.005	4.277		4.242	-13.58
01305839	USGS	391500106224901	20130531	1050			WG	0.032	1.946	0.831	0.361	0.051	0.002	0.213	3.436	-0.034							0.013	4.579		4.558	-14.04
01305840	USGS	391501106225401	20130531	1230			WS	0.076	1.193	0.535	0.161	0.033	0.006	0.280	2.284	-0.110							0.005	3.174		3.069	-14.66
01305841	USGS	391501106230601	20130531	1305			WG	0.002	3.049	1.852	0.274	0.038	1.035	1.227	7.476	0.264							0.009	8.247		8.520	-6.53
01305842	USGS	391502106230601	20130531	1340			WS	0.095	1.078	0.453	0.135	0.038	0.019	0.231	2.049	-0.134							0.010	2.311		2.187	-3.26
01305843	USGS	391513106232601	20130531	1430			WG	0.013	0.409	0.181	0.100	0.028	0.010	0.128	0.870	-0.016							0.010	0.970		0.964	-5.13
01305844	USGS	391513106230401	20130531	1620			WG	0.001	6.038	2.559	0.370	0.090	2.814	3.145	15.016	0.713							0.013	14.771		15.497	-1.58
01305845	USGS	391512106230401	20130531	1556			WG	0.001	7.834	3.983	0.526	0.069	1.072	1.099	14.585	1.075							0.012	14.626		15.712	-3.72
01305853	USGS	391504106225200	20130919	1015			WG	0.001	5.439	2.798	0.479	0.054	0.248	0.684	9.702	0.416							0.008	10.447		10.871	-5.68
01305854	USGS	391500106224901	20130919	1130			WG	0.046	0.040	0.023	0.061	0.001	0.001	0.002	0.173	-0.046							0.009	4.528		4.491	-92.56
01305855	USGS	391501106224901	20130919	1230			WG	0.191	2.126	1.070	0.265	0.072	0.034	0.473	4.230	-0.340							0.009	5.187		4.857	-6.89
01305856	USGS	391501106225001	20130919	1320			WG	0.062	2.096	1.078	0.305	0.072	0.014	0.615	4.241	-0.074							0.014	4.895		4.835	-6.55
01305857	USGS	391445106230701	20130919	1510			WG	0.001	0.818	0.551	0.174	0.041	0.001	0.001	1.588	0.631							0.012	1.068		1.712	-3.74
01305858	USGS	391443106225701	20130919	1605			WS	0.001	0.274	0.148	0.248	0.018	0.006	0.001	0.696	0.428							0.028	0.108		0.563	10.54
01305859	USGS	391504106225201	20130920	0940			WS	0.042	2.879	1.292	0.374	0.054	0.008	0.038	4.687	-0.060							0.004	5.442		5.386	-6.94
01305860	USGS	391512106230001	20130920	1030			WG	0.014	4.172	2.057	0.392	0.072	0.001	0.018	6.725	-0.008							0.004	7.645		7.641	-6.38
01305861	USGS	391517106230601	20130920	1135			WG	0.001	0.464	0.239	0.161	0.028	0.001	0.001	0.894	0.312							0.010	0.576		0.898	-0.19
01305862	USGS	391517106230602	20130920	1235			WS	0.017	5.140	3.111	0.392	0.097	0.001	0.310	9.068	-0.026							0.009	10.094		10.077	-5.27
01305864	USGS	391518106230901	20130920	1430			WG	0.004	6.587	4.534	0.613	0.113	0.001	1.132	12.983	0.096							0.009	14.499		14.604	-5.87
01305865	USGS	391519106230901	20130920	1510			WG	0.047	1.861	0.881	0.222	0.059	0.001	0.115	3.185	-0.056							0.010	4.014		3.968	-10.95
01305866	USGS	391559106230901	20130919	1145			WG	0.003	0.399	0.724	0.183	0.014	0.001	0.132	1.457	0.078							0.010	1.549		1.636	-5.81
01305867	USGS	391606106241601	20130919	1245			WG	0.479	0.215	0.123	0.117	0.043	0.225	0.018	1.221	0.001							0.008	1.946		1.956	-23.14
01305868	USGS	391435106230801	20130919	1445			WG	0.001	1.856	1.127	0.270	0.036	0.235	0.368	3.893	0.723							0.009	3.535		4.268	-4.59
01305869	USGS	391517106223801	20130919	1630			WG	0.001	0.788	0.436	0.191	0.026	0.001	0.059	1.502	0.218							0.009	1.388		1.615	-3.62
01305870	USGS	391452106224201	20130920	1000			WS	0.001	0.210	0.079	0.091	0.009	0.008	0.005	0.403	0.142							0.005	0.162		0.309	13.18
01305871	USGS	391454106224201	20130920	1030			WS	0.031	2.565	1.284	0.313	0.069	0.005	0.272	4.538	-0.040							0.016	5.034		5.010	-4.94
01305872	USGS	391513106232601	20130920	1230			WG	0.091	1.088	0.527	0.235	0.031	0.187	0.746	2.904	-0.044							0.003	3.314		3.273	-5.97
01305873	USGS	391502106230601	20130920	1320			WS	0.126	2.330	0.946	0.196	0.059	0.016	0.322	3.996	-0.168							0.009	5.267		5.108	-12.22
01305874	USGS	391501106230601	20130920	1350			WG	0.001	3.548	1.959	0.283	0.038	1.552	1.485	8.866	0.533							0.007	9.823		10.363	-7.79
01305875	USGS	391504106223001	20130920	1500			WS	0.001	0.155	0.049	0.113	0.009	0.009	0.001	0.337	0.144							0.005	0.052		0.200	25.44
01305876	USGS	391501106225401	20130920	1545			WS	0.162	2.221	1.111	0.222	0.074	0.031	0.510	4.330	-0.174							0.021	5.063		4.910	-6.28
01400280	USGS	391512106230401	20131028	0915			WG	0.001	6.786	3.333	0.539	0.061	0.987	0.895	12.603	0.775							0.010	13.757		14.543	-7.14
01400281	USGS	391513106230401	20131028	0925			WG	0.001	5.289	2.247	0.357	0.079	2.612	2.592	13.176	0.414							0.009	14.637		15.059	-6.67
01402566	USGS	391454106224201	20140529	1130			WS	0.015	1.043	0.379	0.117	0.036	0.003	0.147	1.740	0.032							0.008	2.055		2.095	-9.27
01402567	USGS	391500106224901	20140529	1215			WG	0.022	2.330	0.889	0.165	0.061	0.001	0.223	3.693	0.010							0.011	4.031		4.052	-4.64
01402568	USGS	391501106224901	20140529	1250			WG	0.214	1.951	0.815	0.191	0.051	0.020	0.586	3.828	-0.386							0.011	4.427		4.052	-2.84
01402569	USGS	391504106225200	20140529	1330			WG	0.001	4.197	1.901	0.400	0.046	0.203	0.622	7.371	0.430							0.010	7.669		8.109	-4.77
01402570	USGS	391504106225201	20140529	1400			WS	0.017	1.821	0.642	1.862	0.100	0.002	0.023	4.466	-0.026							0.007	2.550		2.531	27.66
01402571	USGS	391501106225401	20140529	1530			WS	0.040	0.579	0.197	0.083	0.028	0.005	0.173	1.104	-0.122							0.007	1.375		1.261	-6.63
01402572	USGS	391501106230601	20140529	1630			WG	0.002	1.467	0.708	0.165	0.025	0.473	0.652	3.491	0.272							0.008	3.680		3.959	-6.28
01402573	USGS	391504106223001	20140530	0920			WS	0.001	0.175	0.044	0.040	0.008	0.007	0.002	0.276	0.168							0.004	0.060		0.231	8.81
01402574	USGS	391517106223801	20140530	1000			WG	0.004	0.773	0.304	0.104	0.025	0.053	0.088	1.352	0.048							0.008	1.520		1.575	-7.61
01402575	USGS	391512106230001	20140530	1200			WG	0.019	1.362	0.560	0.135	0.046	0.001	0.094	2.217	-0.016							0.007	2.901		2.893	-13.23
01402576	USGS	391517106230601	20140530	1245			WG	0.001	0.269	0.107	0.083	0.025	0.002	0.001	0.488	0.236							0.008	0.273		0.516	-2.82
01402577	USGS	391517106230602	20140530	1300			WS	0.015	1.208	0.494	0.117	0.046	0.001	0.179	2.060	-0.002							0.008	2.777		2.783	-14.92
01402578	USGS	391519106230901	20140530	1345			WG	0.026	1.003	0.346	0.109	0.043	0.001	0.232	1.760	-0.014							0.008	2.447		2.441	-16.21
01402579	USGS	391518106230901	20140530	1320			WG	0.006	3.263	1.777	0.226	0.084	0.001	0.259	5.617	0.046							0.009	6.526		6.580	-7.90
01402580	USGS	391452106224201	20140529	1015			WS	0.001	0.205	0.058	0.044	0.010	0.005	0.004	0.328								0.004	0.099		0.103	52.28
01402581	USGS	391443106225701	20140529	1205			WS	0.001	0.195	0.082	0.096	0.019	0.004	0.001	0.398	0.206							0.008	0.124		0.338	8.14
01402582	USGS	391445106230701	20140529	1255			WG	0.001	0.823	0.444	0.109	0.043	0.001	0.001	1.423	0.503							0.010	1.032		1.545	-4.12
01402583	USGS	391449106232001	20140529	1345			WG	0.001	0.978	0.444	0.196	0.031	0.057	0.073	1.780	0.791							0.008	1.084		1.884	-2.84
01402584	USGS	391435106230801	20140529	1440			WG	0.001	1.901	1.062	0.187	0.036	0.205	0.539	3.931	0.527							0.010	3.716		4.254	-3.95
01402585	USGS	391502106230601	20140529	1625			WS	0.078	0.469	0.156	0.074	0.026	0.010	0.150	0.962	-0.136							0.007	1.213		1.085	-5.96
01402586	USGS	391559106230901	20140530	0940			WG	0.002	0.399	0.592	0.165	0.015	0.013	0.169	1.355	0.102							0.007	1.448		1.557	-6.93
01402587	USGS	391530106223601	20140530	1305			WS	0.002	0.464	0.156	0.083	0.028	0.004	0.004	0.741	0.034							0.006	0.717		0.757	-1.07
01402588	USGS	391512106230401	20140530	1555			WG	0.001	7.335	3.160	0.548	0.064	1.010	1.158	13.276	1.117							0.010	13.796		14.923	-5.84
01402589	USGS	391513106230401	20140530	1605			WG	0.002	5.838	2.131	0.361	0.090	3.316	4.259	15.997								0.010	15.916		15.926	0.22
01402590	USGS	391513106232601	20140530	1220			WG	0.001	0.230	0.078	0.061	0.020	0.003	0.013	0.405	0.022							0.007	0.415		0.443	-4.48
01402591	USGS	391600106235701	20140612	1155			WS	0.001	0.160	0.053	0.052	0.013	0.001	0.001	0.282	0.074							0.007	0.217		0.297	-2.67
01402592	USGS	391606106241601	20140612	1240			WG	0.372	0.180	0.075	0.083	0.031	0.090	0.008	0.838								0.008	1.843		1.851	-37.68
01403803	USGS	391502106230601	20140924	1240			WS	0.158	2.435	0.856	0.191	0.056	0.017	0.550	4.264	-0.230							0.009	5.497		5.276	-10.61
01403804	USGS	391452106224201	20140923	1045			WS	0.001	0.185	0.067	0.040	0.008	0.006	0.003	0.311	0.140							0.004	0.103		0.247	11.30
01403805	USGS	391606106241601	20140923	1215			WG	0.417	0.230	0.132	0.122	0.043	0.057	0.019	1.020	-0.807							0.008	1.772		0.973	2.37
01403806	USGS	391559106230901	20140923	1355			WG	0.002	0.434	0.658	0.196	0.016	0.001	0.164	1.471	0.082							0.010	1.596		1.688	-6.87
01403807	USGS	391435106230801	20140923	1610			WG	0.001	1.911	0.930	0.209	0.033	0.215	0.400	3.700	0.707							0.011	3.634		4.352	-8.10
01403808	USGS	391443106225701	20140924	0900			WS	0.001	0.469	0.230	0.152	0.025	0.008	0.004	0.889	0.833							0.028	0.012		0.872	0.97
01403809	USGS	391445106230701	20140924	0930			WG	0.001	0.908	0.551	0.148	0.046	0.008	0.004	1.666	0.587							0.014	1.123		1.725	-1.74
01403810	USGS	391449106232001	20140924	1015			WG	0.001	0.903	0.453	0.265	0.026	0.092	0.046	1.786	1.033							0.010	0.779		1.822	-1.01
01403811	USGS	391513106232601	20140924	1130			WG	0.085	1.382	0.568	0.244	0.051	0.034	1.077	3.441	-0.130							0.017	4.175		4.062	-8.27
01403812	USGS	391501106230601	20140924	1340			WG	0.001	7.485	2.938	0.552	0.064	1.601	1.030	13.671	0.631							0.010	10.162		10.803	11.72
01403813	USGS	391501106225401	20140924	1425			WS	0.155	2.505	0.955	0.222	0.061	0.026	0.706	4.629	-0.232							0.018	5.631		5.418	-7.85
01403814	USGS	391454106224201	20140923	1145			WS	0.029	3.044	1.407	0.291	0.064	0.006	0.276	5.117	-0.042							0.018	5.580		5.556	-4.11
01403815	USGS	391500106224901	20140923	1245			WG	0.043	2.340	0.864	0.204	0.061	0.001	0.324	3.838	-0.040							0.011	4.637		4.608	-9.11
01403816	USGS	391501106224901	20140923	1315			WG	0.178	1.941	0.782	0.209	0.072	0.018	0.495	3.694	-0.358							0.013	4.555		4.210	-6.53
01403817	USGS	391504106225200	20140923	1410			WG	0.001	5.888	2.321	0.479	0.054	0.272	0.779	9.793	0.430							0.009	10.589		11.028	-5.93
01403818	USGS	391504106223001	20140923	1530			WS	0.001	0.135	0.036	0.036	0.005	0.007	0.001	0.221	0.152							0.004	0.047		0.203	4.19
01403819	USGS	391517106223801	20140923	1645			WG	0.001	0.813	0.362	0.152	0.028	0.002	0.060	1.419	0.180							0.009	1.410		1.599	-5.96
01403820	USGS	391504106225201	20140924	0900			WS	0.031	4.007	1.547	0.339	0.064	0.005	0.055	6.048	-0.034							0.011	7.094		7.071	-7.80
01403822	USGS	391517106230602	20140924	1030			WS	0.013	5.938	3.152	0.426	0.107	0.001	0.928	10.566	-0.010							0.009	11.779		11.779	-5.43
01403823	USGS	391517106230601	20140924	1050			WG	0.001	0.434	0.197	0.135	0.025	0.001	0.001	0.795	0.334							0.010	0.556		0.900	-6.20
01403824	USGS	391519106230901	20140924	1105			WG	0.044	2.430	0.971	0.231	0.061	0.001	0.178	3.916	-0.040							0.010	5.111		5.080	-12.94
01403825	USGS	391518106230901	20140924	1120			WG	0.003	6.687	4.082	0.474	0.120	0.001	1.962	13.328	0.102							0.008	12.514		12.624	2.71
01403826	USGS	391512106230401	20140924	1340			WG	0.001	3.852	1.679	0.313	0.041	1.035	1.762	8.683	1.091							0.010	13.753		14.854	-26.22
01403827	USGS	391513106230401	20140924	1350			WG	0.001	5.489	1.876	0.396	0.079	2.578	2.865	13.285	0.823							0.009	13.704		14.536	-4.50
01403972	USGS	391512106230001	20140924	0950			WG	0.028	4.875	2.172	0.387	0.077	0.001	0.234	7.775	-0.026							0.009	9.865		9.847	-11.76
